n t x y v.x v.y a.x a.y
0 0 10.5 2 0.5 2 0.859815 0.163774
1 1 10.5701 3.91811 0.0700925 1.91811 0.737855 0.273507
2 2 10.2713 5.69947 -0.298835 1.78136 0.633704 0.351639
3 3 9.65557 7.30501 -0.615687 1.60554 0.54401 0.411576
4 4 8.76788 8.70476 -0.887692 1.39975 0.464895 0.461549
5 5 7.64774 9.87374 -1.12014 1.16898 0.392586 0.506855
6 6 6.33131 10.7893 -1.31643 0.915549 0.323404 0.551119
7 7 4.85317 11.4293 -1.47814 0.63999 0.253499 0.596994
8 8 3.24829 11.7708 -1.60488 0.341493 0.178413 0.646514
9 9 1.55419 11.789 -1.69409 0.0182362 0.0924376 0.701165
10 10 -0.186115 11.4567 -1.74031 -0.332346 -0.0123719 0.761574
11 11 -1.92024 10.7435 -1.73412 -0.713133 -0.147717 0.826458
12 12 -3.58051 9.61717 -1.66027 -1.12636 -0.331315 0.889904
13 13 -5.07511 8.04585 -1.49461 -1.57131 -0.589558 0.934659
14 14 -6.27494 6.00721 -1.19983 -2.03864 -0.957242 0.916399
15 15 -6.99615 3.51037 -0.721208 -2.49684 -1.45881 0.73197
16 16 -6.98795 0.647537 0.00819887 -2.86283 -2.02176 0.187346
17 17 -5.96887 -2.30896 1.01908 -2.9565 -2.27705 -0.88084
18 18 -3.81127 -4.82505 2.1576 -2.51608 -1.63951 -2.07561
19 19 -0.83391 -6.30332 2.97736 -1.47828 -0.32442 -2.45221
20 20 2.30566 -6.55549 3.13957 -0.25217 0.687072 -1.95349
21 21 5.10169 -5.83091 2.79603 0.724577 1.09697 -1.25377
22 22 7.34924 -4.47945 2.24755 1.35146 1.15271 -0.702589
23 23 9.02043 -2.77669 1.67119 1.70276 1.07293 -0.330271
24 24 10.1552 -0.9088 1.13473 1.86789 0.958142 -0.0857455
25 25 10.8108 1.00197 0.655658 1.91077 0.844716 0.0782899
26 26 11.0441 2.87359 0.2333 1.87162 0.743129 0.193356
27 27 10.9059 4.64853 -0.138264 1.77494 0.65453 0.278988
28 28 10.4403 6.28398 -0.465529 1.63545 0.576997 0.347292
29 29 9.6863 7.74578 -0.754028 1.4618 0.507729 0.406013
30 30 8.67841 9.00458 -1.00789 1.2588 0.443707 0.460384
31 31 7.44866 10.0332 -1.22975 1.02861 0.381747 0.514206
32 32 6.02804 10.8047 -1.42062 0.771502 0.318277 0.57048
33 33 4.44828 11.291 -1.57976 0.486262 0.248891 0.631752
34 34 2.74408 11.4613 -1.7042 0.170386 0.167641 0.700194
35 35 0.956054 11.2816 -1.78802 -0.179711 0.0658728 0.777311
36 36 -0.864906 10.7133 -1.82096 -0.568367 -0.0696582 0.862829
37 37 -2.65104 9.71348 -1.78613 -0.999781 -0.259711 0.951587
38 38 -4.30731 8.2379 -1.65628 -1.47558 -0.536186 1.02548
39 39 -5.6955 6.24959 -1.38818 -1.98831 -0.942125 1.03378
40 40 -6.61262 3.74438 -0.91712 -2.5052 -1.50688 0.853267
41 41 -6.7763 0.812547 -0.163681 -2.93184 -2.13165 0.255606
42 42 -5.87416 -2.24709 0.902142 -3.05964 -2.36125 -0.903269
43 43 -3.79139 -4.8551 2.08276 -2.60801 -1.62195 -2.07701
44 44 -0.897649 -6.4246 2.89374 -1.5695 -0.328831 -2.35349
45 45 2.16051 -6.81736 3.05816 -0.392756 0.590693 -1.8639
46 46 4.92332 -6.27816 2.76281 0.539193 0.969427 -1.2362
47 47 7.20142 -5.12087 2.2781 1.15729 1.0437 -0.742169
48 48 8.95766 -3.59249 1.75625 1.52838 0.996438 -0.399624
49 49 10.2157 -1.8643 1.25803 1.72819 0.912268 -0.166483
50 50 11.0176 -0.0528668 0.801892 1.81143 0.823782 -0.00395284
51 51 11.4076 1.76054 0.390001 1.81341 0.741786 0.11448
52 52 11.4267 3.51671 0.019108 1.75617 0.668661 0.205789
53 53 11.1115 5.16999 -0.315222 1.65327 0.603663 0.280875
54 54 10.4944 6.68282 -0.617054 1.51284 0.544919 0.347003
55 55 9.6049 8.02216 -0.889513 1.33934 0.49008 0.409322
56 56 8.47035 9.15683 -1.13455 1.13467 0.436426 0.471796
57 57 7.11758 10.0556 -1.35277 0.898776 0.380655 0.537783
58 58 5.57449 10.6855 -1.54309 0.629884 0.318427 0.610379
59 59 3.87218 11.0102 -1.70231 0.324695 0.243559 0.692537
60 60 2.04809 10.9886 -1.82409 -0.0215735 0.146648 0.786807
61 61 0.150682 10.5736 -1.89741 -0.414977 0.0127425 0.894168
62 62 -1.7531 9.71158 -1.90378 -0.862061 -0.18241 1.01049
63 63 -3.56568 8.34427 -1.81258 -1.3673 -0.47722 1.11677
64 64 -5.13964 6.41858 -1.57397 -1.92569 -0.924436 1.15447
65 65 -6.25139 3.91565 -1.11175 -2.50293 -1.55751 0.975572
66 66 -6.58438 0.924942 -0.332992 -2.99071 -2.23996 0.314658
67 67 -5.7974 -2.2231 0.786986 -3.14804 -2.42194 -0.928728
68 68 -3.79944 -4.90678 1.99795 -2.68368 -1.58972 -2.05304
69 69 -1.00663 -6.56393 2.79282 -1.65716 -0.343742 -2.24145
70 70 1.95806 -7.10037 2.96469 -0.536433 0.490045 -1.77701
71 71 4.67773 -6.74829 2.71967 0.352074 0.84498 -1.219
72 72 6.9749 -5.78672 2.29718 0.961576 0.937008 -0.777387
73 73 8.80357 -4.43645 1.82867 1.35027 0.918884 -0.463059
74 74 10.1728 -2.85465 1.36923 1.5818 0.862463 -0.242021
75 75 11.1108 -1.15184 0.937998 1.70281 0.79716 -0.0826401
76 76 11.6502 0.592294 0.539418 1.74413 0.733923 0.0373124
77 77 11.8227 2.31777 0.172457 1.72547 0.676084 0.132542
78 78 11.6571 3.97697 -0.165585 1.6592 0.62387 0.212842
79 79 11.1796 5.52975 -0.47752 1.55278 0.576201 0.285007
80 80 10.4139 6.94003 -0.765621 1.41028 0.531335 0.35409
81 81 9.38266 8.17326 -1.03129 1.23323 0.486985 0.424214
82 82 8.10788 9.19439 -1.27478 1.02113 0.440128 0.499108
83 83 6.61304 9.96596 -1.49484 0.771572 0.386507 0.582473
84 84 4.92494 10.4463 -1.6881 0.480336 0.319716 0.67815
85 85 3.07698 10.5876 -1.84796 0.141261 0.229571 0.789928
86 86 1.11424 10.3339 -1.96274 -0.253703 0.0992342 0.920334
87 87 -0.89812 9.61998 -2.01236 -0.71387 -0.0995767 1.06659
88 88 -2.86069 8.37282 -1.96257 -1.24717 -0.412982 1.20874
89 89 -4.61677 6.52129 -1.75608 -1.85153 -0.905068 1.27843
90 90 -5.92031 4.03054 -1.30355 -2.49075 -1.61149 1.0971
91 91 -6.41812 0.991241 -0.4978 -3.0393 -2.3433 0.36191
92 92 -5.74426 -2.22901 0.673851 -3.22025 -2.4556 -0.952876
93 93 -3.84261 -4.97283 1.90165 -2.74381 -1.54817 -2.00353
94 94 -1.16687 -6.71488 2.67574 -1.74205 -0.368577 -2.12101
95 95 1.69316 -7.39642 2.86003 -0.681543 0.387579 -1.69311
96 96 4.35939 -7.23141 2.66624 0.165011 0.724126 -1.20119
97 97 6.66357 -6.4658 2.30418 0.765604 0.832477 -0.80777
98 98 8.55151 -5.29631 1.88794 1.16949 0.840245 -0.520399
99 99 10.0193 -3.86662 1.46781 1.42969 0.808876 -0.312159
